Num combinations: 48
Combinations:
|001 001 001 010 100 010〉
|001 001 001 100 010 100〉
|001 001 010 100 001 010〉
|001 001 010 100 001 100〉
|001 001 100 010 001 010〉
|001 001 100 010 001 100〉
|001 010 001 010 100 001〉
|001 010 001 100 010 001〉
|001 010 001 100 010 100〉
|001 010 010 100 001 100〉
|001 010 100 010 001 100〉
|001 100 001 010 100 001〉
|001 100 001 010 100 010〉
|001 100 001 100 010 001〉
|001 100 010 100 001 010〉
|001 100 100 010 001 010〉
|010 001 001 100 010 100〉
|010 001 010 001 100 010〉
|010 001 010 100 001 010〉
|010 001 010 100 001 100〉
|010 001 100 001 010 100〉
|010 010 001 100 010 001〉
|010 010 001 100 010 100〉
|010 010 010 001 100 001〉
|010 010 010 100 001 100〉
|010 010 100 001 010 001〉
|010 010 100 001 010 100〉
|010 100 001 100 010 001〉
|010 100 010 001 100 001〉
|010 100 010 001 100 010〉
|010 100 010 100 001 010〉
|010 100 100 001 010 001〉
|100 001 001 010 100 010〉
|100 001 010 001 100 010〉
|100 001 100 001 010 100〉
|100 001 100 010 001 010〉
|100 001 100 010 001 100〉
|100 010 001 010 100 001〉
|100 010 010 001 100 001〉
|100 010 100 001 010 001〉
|100 010 100 001 010 100〉
|100 010 100 010 001 100〉
|100 100 001 010 100 001〉
|100 100 001 010 100 010〉
|100 100 010 001 100 001〉
|100 100 010 001 100 010〉
|100 100 100 001 010 001〉
|100 100 100 010 001 010〉
