Num combinations: 126
Combinations:
|001 001 001 010 100 010〉
|001 001 001 100 010 100〉
|001 001 010 100 001 010〉
|001 001 010 100 001 100〉
|001 001 010 100 001 110〉
|001 001 100 010 001 010〉
|001 001 100 010 001 100〉
|001 001 100 010 001 110〉
|001 010 001 010 100 001〉
|001 010 001 100 010 001〉
|001 010 001 100 010 100〉
|001 010 001 100 010 101〉
|001 010 010 100 001 100〉
|001 010 100 010 001 100〉
|001 011 001 100 010 100〉
|001 011 010 100 001 100〉
|001 011 100 010 001 100〉
|001 100 001 010 100 001〉
|001 100 001 010 100 010〉
|001 100 001 010 100 011〉
|001 100 001 100 010 001〉
|001 100 010 100 001 010〉
|001 100 100 010 001 010〉
|001 101 001 010 100 010〉
|001 101 010 100 001 010〉
|001 101 100 010 001 010〉
|001 110 001 010 100 001〉
|001 110 001 100 010 001〉
|010 001 001 100 010 100〉
|010 001 010 001 100 010〉
|010 001 010 100 001 010〉
|010 001 010 100 001 100〉
|010 001 010 100 001 110〉
|010 001 100 001 010 100〉
|010 010 001 100 010 001〉
|010 010 001 100 010 100〉
|010 010 001 100 010 101〉
|010 010 010 001 100 001〉
|010 010 010 100 001 100〉
|010 010 100 001 010 001〉
|010 010 100 001 010 100〉
|010 010 100 001 010 101〉
|010 011 001 100 010 100〉
|010 011 010 100 001 100〉
|010 011 100 001 010 100〉
|010 100 001 100 010 001〉
|010 100 010 001 100 001〉
|010 100 010 001 100 010〉
|010 100 010 001 100 011〉
|010 100 010 100 001 010〉
|010 100 100 001 010 001〉
|010 101 010 001 100 010〉
|010 101 010 100 001 010〉
|010 110 001 100 010 001〉
|010 110 010 001 100 001〉
|010 110 100 001 010 001〉
|011 001 001 100 010 100〉
|011 001 010 100 001 010〉
|011 001 010 100 001 100〉
|011 001 010 100 001 110〉
|011 010 001 100 010 001〉
|011 010 001 100 010 100〉
|011 010 001 100 010 101〉
|011 010 010 100 001 100〉
|011 011 001 100 010 100〉
|011 011 010 100 001 100〉
|011 100 001 100 010 001〉
|011 100 010 100 001 010〉
|011 101 010 100 001 010〉
|011 110 001 100 010 001〉
|100 001 001 010 100 010〉
|100 001 010 001 100 010〉
|100 001 100 001 010 100〉
|100 001 100 010 001 010〉
|100 001 100 010 001 100〉
|100 001 100 010 001 110〉
|100 010 001 010 100 001〉
|100 010 010 001 100 001〉
|100 010 100 001 010 001〉
|100 010 100 001 010 100〉
|100 010 100 001 010 101〉
|100 010 100 010 001 100〉
|100 011 100 001 010 100〉
|100 011 100 010 001 100〉
|100 100 001 010 100 001〉
|100 100 001 010 100 010〉
|100 100 001 010 100 011〉
|100 100 010 001 100 001〉
|100 100 010 001 100 010〉
|100 100 010 001 100 011〉
|100 100 100 001 010 001〉
|100 100 100 010 001 010〉
|100 101 001 010 100 010〉
|100 101 010 001 100 010〉
|100 101 100 010 001 010〉
|100 110 001 010 100 001〉
|100 110 010 001 100 001〉
|100 110 100 001 010 001〉
|101 001 001 010 100 010〉
|101 001 100 010 001 010〉
|101 001 100 010 001 100〉
|101 001 100 010 001 110〉
|101 010 001 010 100 001〉
|101 010 100 010 001 100〉
|101 011 100 010 001 100〉
|101 100 001 010 100 001〉
|101 100 001 010 100 010〉
|101 100 001 010 100 011〉
|101 100 100 010 001 010〉
|101 101 001 010 100 010〉
|101 101 100 010 001 010〉
|101 110 001 010 100 001〉
|110 001 010 001 100 010〉
|110 001 100 001 010 100〉
|110 010 010 001 100 001〉
|110 010 100 001 010 001〉
|110 010 100 001 010 100〉
|110 010 100 001 010 101〉
|110 011 100 001 010 100〉
|110 100 010 001 100 001〉
|110 100 010 001 100 010〉
|110 100 010 001 100 011〉
|110 100 100 001 010 001〉
|110 101 010 001 100 010〉
|110 110 010 001 100 001〉
|110 110 100 001 010 001〉
